22
108.48684614464926 -6.42198495852574
108.62347863162896 -6.777673841990705
110.53922732955328 -6.877357679881726
110.75957563684585 -6.465186455921747
112.6148112325564 -6.946035658397626
112.97876834518806 -7.594213148634594
114.47893517462114 -7.776527601760328
115.70552697150106 -8.370806573116873
114.56451134649649 -8.751816908404855
113.46473351446085 -8.348947442257405 
112.55967247930097 -8.376180922075221
111.52206139531245 -8.302128594600973
110.58614953007432 -8.122604668819001
109.42766727095511 -7.740664157749762
108.69365522668133 -7.641600437046243
108.27776329959633 -7.766657403192576
106.45410200401612 -7.354899590690934
106.28062422081231 -6.924899997590252
105.36548628135552 -6.851416110871206
106.05164594932702 -5.895918877794472
107.2650085795402 -5.954985039904081
108.07209109907467 -6.345762220895224