24
100.0857568705271 6.464489447450291
100.25959638875696 6.642824815289543
101.07551557821336 6.204867051615921
101.15421878459387 5.691384182147715
101.81428185425798 5.810808417174242
102.14118696493638 6.221636053894628
102.37114708863521 6.128205064310919
102.96170535686673 5.524495144061106
103.38121463421217 4.855001125503748
103.43857547405612 4.181605536308339
103.33212202353486 3.726697902842986
103.42942874554049 3.382868760589005
103.50244754436889 2.791018581550176
103.8546741068703 2.515454006353764
104.24793175661145 1.631141058759084
104.22881147666348 1.293048000489492
103.51970747275439 1.226333726400682
102.57361535035477 1.967115383304687
101.39063846232919 2.760813706875581
101.27353966675582 3.270291652841152
100.69543541870664 3.93913971599487
100.55740766805502 4.767280381688295
100.19670617065775 5.312492580583708
100.30626020711652 6.040561835143905