2.800000 4.800000 3.600000 2.800000
-19.600000 -19.600000 -17.600000 -19.600000
6.400000 9.200000 7.600000 6.400000
-18.000000 -16.800000 -15.200000 -18.000000
10.400000 12.800000 10.400000 10.400000
-15.600000 -13.600000 -12.800000 -15.600000
13.600000 15.200000 14.000000 13.600000
-12.400000 -10.800000 -10.000000 -12.400000
16.000000 17.200000 12.800000 16.000000
-9.600000 -7.200000 -6.800000 -9.600000
8.400000 8.800000 10.000000 10.400000 8.400000
0.800000 -0.400000 -1.200000 1.200000 0.800000
10.800000 12.800000 12.800000 10.800000
0.000000 -1.600000 1.200000 0.000000
13.600000 16.400000 16.000000 13.600000
-0.400000 -2.000000 0.400000 -0.400000
18.400000 21.200000 20.800000 18.400000
1.200000 -0.400000 1.600000 1.200000
23.200000 26.000000 25.200000 23.200000
2.800000 1.600000 3.600000 2.800000
28.400000 32.400000 31.000000 28.400000
4.400000 3.600000 6.400000 4.400000
34.000000 37.600000 35.600000 34.000000
7.200000 7.600000 9.200000 7.200000
38.400000 41.200000 39.200000 38.400000
8.800000 9.200000 10.800000 8.800000
42.000000 44.800000 41.200000 42.000000
10.800000 12.000000 13.600000 10.800000
45.200000 47.600000 42.800000 45.200000
13.600000 15.200000 16.400000 13.600000
46.800000 48.800000 44.000000 46.800000
17.200000 19.600000 19.600000 17.200000
40.800000 42.800000 46.000000 48.000000 42.000000 40.800000
20.000000 20.400000 23.400000 25.600000 23.200000 20.000000
36.800000 38.400000 39.600000 39.600000 37.600000 36.800000
22.000000 23.600000 26.400000 30.400000 26.400000 22.000000
28.000000 30.000000 30.000000 28.400000 28.000000
22.400000 24.400000 26.800000 24.800000 22.400000
4.000000 2.400000 -0.000000 -2.400000 -4.000000 4.000000
12.800000 14.000000 14.400000 14.000000 12.800000 12.800000
-11.000000 -21.200000 -28.400000 -11.000000
13.600000 22.000000 24.800000 13.600000
-30.000000 -30.000000 -28.000000 -30.000000
26.800000 24.400000 22.400000 26.800000
-37.600000 -39.600000 -39.600000 -38.400000 -36.800000 -37.600000
26.400000 30.400000 26.400000 23.600000 22.000000 26.400000
-42.000000 -48.000000 -46.000000 -42.800000 -40.800000 -42.000000
23.200000 25.600000 23.400000 20.400000 20.000000 23.200000
-44.000000 -48.800000 -46.800000 -42.800000 -44.000000
19.600000 19.600000 17.200000 16.400000 19.600000
-47.600000 -45.200000 -41.200000 -47.600000
15.200000 13.600000 13.600000 15.200000
-44.800000 -42.000000 -39.200000 -44.800000
12.000000 10.800000 10.800000 12.000000
-41.200000 -38.400000 -35.600000 -41.200000
9.200000 8.800000 9.200000 9.200000
-34.000000 -35.200000 -31.000000 -34.000000
7.200000 6.000000 6.400000 7.200000
-28.400000 -29.200000 -25.200000 -28.400000
4.400000 2.400000 3.600000 4.400000
-23.200000 -23.600000 -20.800000 -23.200000
2.800000 0.400000 1.600000 2.800000
-18.400000 -18.400000 -16.000000 -18.400000
1.200000 -1.200000 0.400000 1.200000
-16.400000 -13.600000 -12.800000 -16.400000
-2.000000 -0.400000 1.200000 -2.000000
-12.800000 -10.800000 -10.400000 -12.800000
-1.600000 0.000000 1.200000 -1.600000
-10.000000 -8.800000 -8.400000 -10.000000
-1.200000 -0.400000 0.800000 -1.200000
-12.800000 -17.200000 -16.000000 -14.000000 -12.800000
-6.800000 -7.200000 -9.600000 -10.000000 -6.800000
-15.200000 -13.600000 -10.400000 -15.200000
-10.800000 -12.400000 -12.800000 -10.800000
-12.800000 -10.400000 -7.600000 -12.800000
-13.600000 -15.600000 -15.200000 -13.600000
-9.200000 -6.400000 -3.600000 -9.200000
-16.800000 -18.000000 -17.600000 -16.800000
-4.800000 -2.800000 0.000000 -4.800000
-19.600000 -19.600000 -18.000000 -19.600000
3.600000 6.400000 7.600000 3.600000
-17.600000 -18.000000 -15.200000 -17.600000
10.400000 13.600000 14.000000 10.400000
-12.800000 -12.400000 -10.000000 -12.800000
16.000000 12.800000 7.200000 16.000000
-9.600000 -6.800000 -4.000000 -9.600000
10.400000 10.800000 12.800000 10.400000
1.200000 0.000000 1.200000 1.200000
16.000000 18.400000 18.400000 16.000000
0.400000 -1.200000 1.200000 0.400000
20.800000 23.600000 23.200000 20.800000
1.600000 0.400000 2.800000 1.600000
25.200000 29.200000 28.400000 25.200000
3.600000 2.400000 4.400000 3.600000
31.000000 35.200000 34.000000 31.000000
6.400000 6.000000 7.200000 6.400000
35.600000 38.400000 39.200000 35.600000
9.200000 8.800000 10.800000 9.200000
41.200000 45.200000 42.800000 41.200000
13.600000 13.600000 16.400000 13.600000
46.800000 44.000000 40.800000 46.800000
17.200000 19.600000 20.000000 17.200000
36.800000 37.600000 28.000000 36.800000
22.000000 26.400000 22.400000 22.000000
28.400000 21.200000 11.000000 28.400000
24.800000 22.000000 13.600000 24.800000
6.000000 4.000000 -4.000000 -6.000000 6.000000
12.400000 12.800000 12.800000 12.400000 12.400000
-28.400000 -30.000000 -28.000000 -28.400000
24.800000 26.800000 22.400000 24.800000
-36.800000 -42.000000 -40.800000 -36.800000
22.000000 23.200000 20.000000 22.000000
-42.800000 -47.600000 -41.200000 -42.800000
16.400000 15.200000 13.600000 16.400000
-39.200000 -41.200000 -35.600000 -39.200000
10.800000 9.200000 9.200000 10.800000
-31.000000 -32.400000 -28.400000 -31.000000
6.400000 3.600000 4.400000 6.400000
-25.200000 -26.000000 -23.200000 -25.200000
3.600000 1.600000 2.800000 3.600000
-20.800000 -21.200000 -18.400000 -20.800000
1.600000 -0.400000 1.200000 1.600000
-16.000000 -16.400000 -12.800000 -16.000000
0.400000 -2.000000 1.200000 0.400000
-10.400000 -10.000000 -8.400000 -10.400000
1.200000 -1.200000 0.800000 1.200000
-7.200000 -12.800000 -14.000000 -7.200000
-4.000000 -6.800000 -10.000000 -4.000000
-10.400000 -12.800000 -7.600000 -10.400000
-12.800000 -13.600000 -15.200000 -12.800000
-3.600000 -4.800000 0.000000 -3.600000
-17.600000 -19.600000 -18.000000 -17.600000
7.600000 10.400000 10.400000 7.600000
-15.200000 -15.600000 -12.800000 -15.200000
14.000000 16.000000 7.200000 14.000000
-10.000000 -9.600000 -4.000000 -10.000000
12.800000 13.600000 16.000000 18.400000 12.800000
1.200000 -0.400000 0.400000 1.200000 1.200000
25.200000 28.400000 31.000000 25.200000
3.600000 4.400000 6.400000 3.600000
39.200000 42.000000 41.200000 39.200000
10.800000 10.800000 13.600000 10.800000
42.800000 46.800000 40.800000 42.800000
16.400000 17.200000 20.000000 16.400000
28.000000 28.400000 11.000000 28.000000
22.400000 24.800000 13.600000 22.400000
-11.000000 -28.400000 -28.000000 -11.000000
13.600000 24.800000 22.400000 13.600000
-40.800000 -44.000000 -42.800000 -41.200000 -40.800000
20.000000 19.600000 16.400000 13.600000 20.000000
-35.600000 -37.600000 -34.000000 -35.600000
9.200000 7.600000 7.200000 9.200000
-31.000000 -28.400000 -25.200000 -31.000000
6.400000 4.400000 3.600000 6.400000
-23.200000 -20.800000 -18.400000 -23.200000
2.800000 1.600000 1.200000 2.800000
-12.800000 -12.800000 -10.400000 -12.800000
1.200000 -1.600000 1.200000 1.200000
-14.000000 -15.200000 -10.400000 -14.000000
-10.000000 -10.800000 -12.800000 -10.000000
-7.600000 -9.200000 -3.600000 0.000000 -7.600000
-15.200000 -16.800000 -17.600000 -18.000000 -15.200000
3.600000 7.600000 10.400000 3.600000
-17.600000 -15.200000 -12.800000 -17.600000
12.800000 18.400000 20.800000 23.200000 12.800000
1.200000 1.200000 1.600000 2.800000 1.200000
31.000000 34.000000 35.600000 31.000000
6.400000 7.200000 9.200000 6.400000
39.200000 41.200000 42.800000 40.800000 39.200000
10.800000 13.600000 16.400000 20.000000 10.800000
36.800000 28.000000 11.000000 36.800000
22.000000 22.400000 13.600000 22.000000
-11.000000 -28.000000 -37.600000 -36.800000 -11.000000
13.600000 22.400000 26.400000 22.000000 13.600000
-41.200000 -44.800000 -39.200000 -41.200000
13.600000 12.000000 10.800000 13.600000
-35.600000 -34.000000 -31.000000 -35.600000
9.200000 7.200000 6.400000 9.200000
-25.200000 -23.200000 -18.400000 -25.200000
3.600000 2.800000 1.200000 3.600000
-7.200000 -14.000000 -10.400000 -7.200000
-4.000000 -10.000000 -12.800000 -4.000000
0.000000 2.800000 3.600000 0.000000
-18.000000 -19.600000 -17.600000 -18.000000
10.400000 14.000000 7.200000 10.400000
-12.800000 -10.000000 -4.000000 -12.800000
10.400000 12.800000 23.200000 25.200000 31.000000 35.600000 10.400000
1.200000 1.200000 2.800000 3.600000 6.400000 9.200000 1.200000
40.800000 42.000000 36.800000 11.000000 8.400000 40.800000
20.000000 23.200000 22.000000 13.600000 12.400000 20.000000
-8.400000 -11.000000 -36.800000 -40.800000 -41.200000 -39.200000 -35.600000 -8.400000
12.400000 13.600000 22.000000 20.000000 13.600000 10.800000 9.200000 12.400000
-31.000000 -25.200000 -18.400000 -16.000000 -12.800000 -31.000000
6.400000 3.600000 1.200000 0.400000 1.200000 6.400000
-7.200000 -10.400000 -7.600000 0.000000 3.600000 10.400000 7.200000 -7.200000
-4.000000 -12.800000 -15.200000 -18.000000 -17.600000 -12.800000 -4.000000 -4.000000
8.400000 10.400000 35.600000 39.200000 40.800000 8.400000 8.400000
0.800000 1.200000 9.200000 10.800000 20.000000 12.400000 0.800000
-6.000000 -8.400000 -35.600000 -31.000000 -12.800000 -10.400000 -6.000000
12.400000 12.400000 9.200000 6.400000 1.200000 1.200000 12.400000
-7.600000 -7.200000 7.200000 7.600000 -7.600000
-1.200000 -4.000000 -4.000000 -1.200000 -1.200000
8.400000 8.400000 6.000000 8.400000
0.800000 12.400000 12.400000 0.800000
-6.000000 -10.400000 -8.400000 -6.000000
12.400000 1.200000 0.800000 12.400000
-7.600000 7.600000 8.400000 6.000000 -6.000000 -8.400000 -7.600000
-1.200000 -1.200000 0.800000 12.400000 12.400000 0.800000 -1.200000
