-9.422461 -16.634120 -14.101720 -3.308730 9.422470 16.634120 14.101740 3.308749 -9.422461
14.101730 3.308738 -9.422470 -16.634120 -14.101720 -3.308732 9.422452 16.634110 14.101730
46.136150 29.564330 14.101740 32.000000 46.136150
9.176978 12.245890 9.422452 0.000000 9.176978
22.627340 26.134070 12.245960 3.308749 14.101740 22.627340
22.627280 39.112300 29.564260 16.634110 9.422452 22.627280
0.000000 -9.177009 -12.245880 -9.422461 3.308749 0.000000
32.000000 46.136150 29.564240 14.101730 16.634110 32.000000
-22.627350 -39.112320 -29.564190 -16.634120 -9.422461 -22.627350
22.627380 26.134050 12.245910 3.308738 14.101730 22.627380
-32.000000 -46.136140 -29.564170 -14.101720 -16.634120 -32.000000
0.000000 -9.177038 -12.245870 -9.422470 3.308738 0.000000
-22.627420 -26.134020 -12.245860 -3.308730 -14.101720 -22.627420
-22.627420 -39.112340 -29.564130 -16.634120 -9.422470 -22.627420
0.000000 9.177051 12.245870 9.422470 -3.308730 0.000000
-32.000000 -46.136140 -29.564140 -14.101720 -16.634120 -32.000000
22.627410 39.112330 29.564140 16.634120 9.422470 22.627410
-22.627410 -26.134030 -12.245870 -3.308732 -14.101720 -22.627410
32.000000 46.136150 14.101740 16.634120 32.000000
0.000000 9.176978 9.422452 -3.308732 0.000000
