96.248833 96.586591 96.117679 95.404802 96.248833
28.411031 28.830980 29.452802 29.031717 28.411031
94.565990 93.413348 92.503119 94.565990
29.277438 28.640629 27.896876 29.277438
91.217513 90.373275 89.744528 91.217513
26.808648 26.875724 26.719403 26.808648
88.814248 88.730326 88.120441 88.043133 88.174804 88.814248
27.299316 28.086865 27.876542 27.445819 26.810405 27.299316
87.227472 86.024393 85.251779 87.227472
26.397898 26.630985 26.726198 26.397898
81.999987 81.057203 80.088425 81.999987
27.925479 28.416095 28.794470 27.925479
80.476721 81.111256 79.721367 80.476721
29.729865 30.183481 30.882715 29.729865
78.458446 79.176129 79.208892 78.811086 78.458446
32.618164 32.483780 32.994395 33.506198 32.618164
78.912269 77.837451 76.871722 78.912269
34.321936 35.494010 34.653544 34.321936
75.757061 74.240203 73.749948 74.104294 74.451559 75.258642 75.757061
34.504923 34.748887 34.317699 33.441473 32.764900 32.271105 34.504923
74.421380 73.450638 72.823752 74.421380
30.979815 29.976413 28.961592 30.979815
71.777666 70.616496 69.514393 70.168927 71.777666
27.913180 27.989196 26.940966 26.491872 27.913180
71.043240 68.842599 68.176645 69.349597 71.043240
24.356524 24.359134 23.691965 22.843180 24.356524
69.644928 69.164130 70.470459 71.175273 72.630533 69.644928
22.450775 22.089298 20.877331 20.757441 21.356009 22.450775
72.824475 72.820909 73.119909 72.824475
20.419503 19.208234 17.928570 20.419503
74.616717 74.864816 75.396101 75.746467 74.616717
13.992583 12.741936 11.781245 11.308251 13.992583
76.130061 76.592979 77.539898 77.941165 78.277941 76.130061
10.299630 8.899276 7.965535 8.252959 8.933047 10.299630
79.340512 79.857999 79.862547 79.340512
10.308854 10.357275 12.056215 10.308854
80.286294 80.233274 80.025069 80.286294
13.006261 13.835771 15.136415 13.006261
80.324896 80.791999 81.692719 82.191242 82.192792 80.324896
15.899185 15.951972 16.310219 16.556664 17.016636 15.899185
83.189217 83.941006 85.060266 83.189217
17.671221 18.302010 19.478579 17.671221
86.499351 87.033169 86.975704 86.499351
20.151638 20.743308 21.495562 20.151638
88.208497 88.888766 89.031961 88.876312 88.529770 88.208497
21.703172 21.690588 22.055708 22.879146 23.631142 21.703172
88.306373 88.931554 88.209789 88.306373
24.866079 25.238692 25.768066 24.866079
88.563049 89.355094 89.832481 88.563049
26.446526 26.014407 25.965082 26.446526
89.920693 90.872211 91.799596 89.920693
25.269750 25.132601 25.147432 25.269750
91.915093 91.467730 91.158963 91.706475 91.869928 91.915093
24.130414 24.072639 23.503527 22.985264 23.624346 24.130414
92.146035 92.672721 93.166128 93.060294 92.146035
23.627499 22.041239 22.278460 22.703111 23.627499
93.325188 94.106742 94.552658 94.603249 93.325188
24.078556 23.850741 24.675238 25.162495 24.078556
96.419366 97.133999 97.051989 96.419366
27.264589 27.083774 27.699059 27.264589
97.402561 97.327114 96.248833 97.402561
27.882536 28.261583 28.411031 27.882536
95.404802 94.565990 92.503119 95.404802
29.031717 29.277438 27.896876 29.031717
92.033484 91.217513 89.744528 92.033484
26.838310 26.808648 26.719403 26.838310
88.835643 88.814248 88.174804 88.060238 88.835643
27.098966 27.299316 26.810405 26.414615 27.098966
85.251779 84.675018 83.304249 85.251779
26.726198 27.234901 27.364506 26.726198
80.088425 80.476721 79.721367 78.738894 80.088425
28.794470 29.729865 30.882715 31.515906 28.794470
78.458446 78.811086 78.912269 76.871722 75.757061 75.258642 78.458446
32.618164 33.506198 34.321936 34.653544 34.504923 32.271105 32.618164
71.777666 70.168927 70.282873 70.844699 71.777666
27.913180 26.491872 25.722229 25.215102 27.913180
71.043240 69.349597 69.644928 72.630533 71.043240
24.356524 22.843180 22.450775 21.356009 24.356524
72.824475 73.119909 73.534199 74.443859 72.824475
20.419503 17.928570 15.990652 14.617222 20.419503
75.746467 76.130061 78.277941 79.189720 78.885345 75.746467
11.308251 10.299630 8.933047 9.216544 9.546136 11.308251
79.862547 80.286294 80.025069 79.862547
12.056215 13.006261 15.136415 12.056215
80.324896 82.192792 83.189217 85.060266 80.324896
15.899185 17.016636 17.671221 19.478579 15.899185
86.975704 88.208497 88.529770 86.975704
21.495562 21.703172 23.631142 21.495562
88.084422 88.306373 88.209789 88.084422
24.501657 24.866079 25.768066 24.501657
89.832481 89.920693 91.799596 89.832481
25.965082 25.269750 25.147432 25.965082
92.376202 91.915093 91.869928 92.146035 92.376202
24.976693 24.130414 23.624346 23.627499 24.976693
93.060294 93.286327 93.325188 93.060294
22.703111 23.043658 24.078556 22.703111
94.603249 95.155153 95.124768 94.603249
25.162495 26.001307 26.573572 25.162495
97.051989 97.402561 96.248833 97.051989
27.699059 27.882536 28.411031 27.699059
92.503119 91.696657 92.103712 92.503119
27.896876 27.771742 27.452614 27.896876
89.744528 88.835643 88.060238 89.744528
26.719403 27.098966 26.414615 26.719403
78.738894 78.458446 75.258642 74.405929 74.421380 78.738894
31.515906 32.618164 32.271105 31.692639 30.979815 31.515906
72.823752 71.777666 70.844699 71.043240 72.630533 72.823752
28.961592 27.913180 25.215102 24.356524 21.356009 28.961592
74.443859 74.616717 75.746467 78.885345 79.340512 79.862547 80.025069 74.443859
14.617222 13.992583 11.308251 9.546136 10.308854 12.056215 15.136415 14.617222
85.060266 86.499351 86.975704 85.060266
19.478579 20.151638 21.495562 19.478579
88.529770 88.699940 88.084422 88.529770
23.631142 24.233715 24.501657 23.631142
89.832481 91.799596 92.376202 89.832481
25.965082 25.147432 24.976693 25.965082
92.146035 93.060294 93.325188 92.146035
23.627499 22.703111 24.078556 23.627499
95.124768 96.419366 97.051989 96.248833 95.404802 92.503119 92.103712 92.033484 95.124768
26.573572 27.264589 27.699059 28.411031 29.031717 27.896876 27.452614 26.838310 26.573572
80.088425 78.738894 74.421380 72.823752 72.630533 72.824475 74.443859 80.025069 80.324896 80.088425
28.794470 31.515906 30.979815 28.961592 21.356009 20.419503 14.617222 15.136415 15.899185 28.794470
85.060266 86.975704 88.529770 88.084422 85.060266
19.478579 21.495562 23.631142 24.501657 19.478579
92.376202 92.146035 93.325188 94.603249 95.124768 92.376202
24.976693 23.627499 24.078556 25.162495 26.573572 24.976693
92.033484 89.744528 88.060238 92.033484
26.838310 26.719403 26.414615 26.838310
81.999987 80.088425 80.324896 85.060266 88.084422 81.999987
27.925479 28.794470 15.899185 19.478579 24.501657 27.925479
89.832481 92.376202 95.124768 92.033484 89.832481
25.965082 24.976693 26.573572 26.838310 25.965082
83.304249 81.999987 88.084422 83.304249
27.364506 27.925479 24.501657 27.364506
88.563049 89.832481 92.033484 88.563049
26.446526 25.965082 26.838310 26.446526
85.251779 83.304249 88.084422 85.251779
26.726198 27.364506 24.501657 26.726198
88.563049 92.033484 88.060238 88.563049
26.446526 26.838310 26.414615 26.446526
87.227472 85.251779 88.084422 88.209789 87.227472
26.397898 26.726198 24.501657 25.768066 26.397898
88.060238 87.227472 88.209789 88.060238
26.414615 26.397898 25.768066 26.414615
88.563049 88.060238 88.209789 88.563049
26.446526 26.414615 25.768066 26.446526
94.565990 93.413348 92.503119 95.404802 94.565990
29.277438 28.640629 27.896876 29.031717 29.277438
87.227472 86.024393 85.251779 88.084422 88.209789 87.227472
26.397898 26.630985 26.726198 24.501657 25.768066 26.397898
81.999987 81.057203 80.088425 80.324896 85.060266 88.084422 81.999987
27.925479 28.416095 28.794470 15.899185 19.478579 24.501657 27.925479
74.421380 73.450638 72.823752 72.630533 72.824475 74.443859 80.025069 80.324896 80.088425 78.738894 74.421380
30.979815 29.976413 28.961592 21.356009 20.419503 14.617222 15.136415 15.899185 28.794470 31.515906 30.979815
80.286294 80.233274 80.025069 79.862547 80.286294
13.006261 13.835771 15.136415 12.056215 13.006261
83.189217 83.941006 85.060266 80.324896 82.192792 83.189217
17.671221 18.302010 19.478579 15.899185 17.016636 17.671221
86.499351 87.033169 86.975704 85.060266 86.499351
20.151638 20.743308 21.495562 19.478579 20.151638
88.563049 89.355094 89.832481 92.033484 88.563049
26.446526 26.014407 25.965082 26.838310 26.446526
89.920693 90.872211 91.799596 89.832481 89.920693
25.269750 25.132601 25.147432 25.965082 25.269750
97.402561 97.327114 96.248833 97.051989 97.402561
27.882536 28.261583 28.411031 27.699059 27.882536
95.404802 94.565990 92.503119 92.103712 92.033484 95.124768 96.419366 97.051989 96.248833 95.404802
29.031717 29.277438 27.896876 27.452614 26.838310 26.573572 27.264589 27.699059 28.411031 29.031717
92.033484 91.217513 89.744528 88.060238 92.033484
26.838310 26.808648 26.719403 26.414615 26.838310
80.324896 82.192792 83.189217 85.060266 88.084422 81.999987 80.088425 80.324896
15.899185 17.016636 17.671221 19.478579 24.501657 27.925479 28.794470 15.899185
88.084422 88.306373 88.209789 87.227472 85.251779 88.084422
24.501657 24.866079 25.768066 26.397898 26.726198 24.501657
92.376202 91.915093 91.869928 92.146035 93.325188 94.603249 95.124768 92.376202
24.976693 24.130414 23.624346 23.627499 24.078556 25.162495 26.573572 24.976693
93.060294 93.286327 93.325188 92.146035 93.060294
22.703111 23.043658 24.078556 23.627499 22.703111
94.603249 95.155153 95.124768 92.376202 92.146035 93.325188 94.603249
25.162495 26.001307 26.573572 24.976693 23.627499 24.078556 25.162495
88.529770 88.699940 88.084422 85.060266 86.975704 88.529770
23.631142 24.233715 24.501657 19.478579 21.495562 23.631142
89.832481 91.799596 92.376202 95.124768 92.033484 89.832481
25.965082 25.147432 24.976693 26.573572 26.838310 25.965082
85.060266 86.975704 88.529770 88.084422 81.999987 80.088425 80.324896 85.060266
19.478579 21.495562 23.631142 24.501657 27.925479 28.794470 15.899185 19.478579
92.033484 89.744528 88.060238 88.563049 92.033484
26.838310 26.719403 26.414615 26.446526 26.838310
