32
32.0 0.0
16.63412 -3.308732
29.56414 -12.24587
39.11233 -26.13403
22.62741 -22.62741
9.42247 -14.10172
12.24587 -29.56414
9.177051 -46.13614
0.0 -32.0
-3.30873 -16.63412
-12.24586 -29.56413
-26.13402 -39.11234
-22.62742 -22.62742
-14.10172 -9.42247
-29.56417 -12.24587
-46.13614 -9.177038
-32.0 0.0
-16.63412 3.308738
-29.56419 12.24591
-39.11232 26.13405
-22.62735 22.62738
-9.422461 14.10173
-12.24588 29.56424
-9.177009 46.13615
0.0 32.0
3.308749 16.63411
12.24596 29.56426
26.13407 39.1123
22.62734 22.62728
14.10174 9.422452
29.56433 12.24589
46.13615 9.176978
